0.047800
0.031700
0.027200
0.025800
0.022800
0.022300
0.021500
0.022900
0.021900
0.026000
0.024500
0.029900
0.028100
0.032500
0.030600
0.034800
0.035000
0.041300
0.037400
0.042500
0.037500
0.038600
0.041800
0.037200
0.036600
0.036700
0.039400
0.037600
0.039100
0.040200
0.039700
0.042500
0.039300
0.037700
0.040400
0.039300
0.041300
0.040000
0.041800
0.040900
0.042900
0.042600
0.040400
0.042000
0.040400
0.040600
0.040100
0.040100
0.038000
0.040900
0.039100
0.041200
0.036700
0.038600
0.039000
0.039900
0.041300
0.041500
0.042900
0.043200
0.044100
0.044100
0.044400
0.041300
0.041100
0.040400
0.039300
0.038700
0.038500
0.038700
0.039700
0.042300
0.043800
0.044300
0.047100
0.047500
0.049600
0.046600
0.048800
0.048800
0.050700
0.047100
0.048900
0.049200
0.046700
0.045300
0.045300
0.046400
0.047100
0.045000
0.049100
0.045000
0.045600
0.046800
0.043000
0.046200
0.042900
0.045600
0.045300
0.047500
0.047700
0.046300
0.046200
0.047300
0.048200
0.047100
0.045600
0.048100
0.050200
0.050400
0.048600
0.047100
0.045100
0.046300
0.045300
0.046000
0.044800
0.042800
0.041900
0.044700
0.041300
0.040200
0.040300
0.040300
0.039900
0.038600
0.038500
0.038600
0.039500
0.038800
0.037900
0.035200
0.035700
0.033700
0.033200
0.032800
0.033700
0.033900
0.035100
0.036100
0.035800
0.035400
0.036100
0.036700
0.037900
0.038500
0.038400
0.039300
0.039500
0.038700
0.040500
0.037400
0.037700
0.037900
0.039500
0.038200
0.038800
0.038900
0.039800
0.038600
0.040500
0.040000
0.038500
0.038600
0.039200
0.037400
0.038500
0.039300
0.036200
0.037500
0.037500
0.037300
0.037200
0.039000
0.036400
0.036500
0.037000
0.035000
0.035000
0.035800
0.038000
0.037200
0.037800
0.037700
0.039600
0.038700
0.040300
0.039800
0.039400
0.040400
0.041500
0.040400
0.037500
0.038700
0.038400
0.037900
0.038100
0.039200
0.037100
0.038300
0.037100
0.038400
0.038300
0.036200
0.036800
0.037500
0.037500
0.038300
0.035600
0.036600
0.037300
0.037100
0.035200
0.036800
0.035600
0.037900
0.036600
0.039100
0.036200
0.037100
0.036800
0.037100
0.039200
0.037600
0.036600
0.035400
0.035600
0.035300
0.036500
0.036100
0.036100
0.035800
0.037800
0.036100
0.038600
0.038400
0.036900
0.037800
0.038800
0.039700
0.039500
0.040000
0.040400
0.041500
0.041800
0.042300
0.044100
0.043000
0.042800
0.044500
0.045600
0.042100
0.044300
0.043100
0.047300
0.046400
0.046800
0.047800
0.046400
0.047500
0.046500
0.049800
0.050100
0.049400
0.049800
0.049500
0.048800
0.049000
0.047200
0.049100
0.048200
0.050800
0.051100
0.049000
0.046300
0.049300
0.047000
0.045300
0.043600
0.044100
0.042700
0.045000
0.046000
0.045900
0.047100
0.046300
0.045200
0.046900
0.044100
0.045600
0.042800
0.045900
0.044700
0.046100
0.043800
0.047300
0.046000
0.042800
0.045800
0.044400
0.045400
0.044900
0.044600
0.044700
0.041800
0.041200
0.043700
0.041000
0.043800
0.047400
0.045900
0.045000
0.045900
0.048500
0.048300
0.047700
0.048800
0.050700
0.048500
0.050600
0.052900
0.051900
0.050200
0.049100
0.051600
0.051200
0.050700
0.053900
0.051200
0.053500
0.051300
0.053400
0.054500
0.055100
0.054200
0.053900
0.051100
0.053000
0.053300
0.054900
0.053900
0.057800
0.055900
0.057400
0.054000
0.056700
0.055600
0.056500
0.057000
0.056200
0.055700
0.053800
0.052700
0.052700
0.053200
0.052600
0.051800
0.052900
0.051200
0.052500
0.054000
0.054100
0.054000
0.050600
0.047400
0.045400
0.043700
0.043200
0.042900
0.042900
0.045700
0.043900
0.042300
0.042600
0.040700
0.042100
0.041200
0.042100
0.042700
0.042600
0.041500
0.042300
0.042800
0.040700
0.040400
0.041400
0.041700
0.040400
0.040900
0.040900
0.040000
0.040800
0.042600
0.039000
0.038000
0.037800
0.037200
0.039500
0.038300
0.040200
0.038400
0.038300
0.037400
0.037400
0.037200
0.036800
0.037900
0.037600
0.038800
0.038800
0.038600
0.037700
0.038700
0.037500
0.038200
0.036900
0.039800
0.037100
0.038200
0.037100
0.038300
0.037200
0.036400
0.037600
0.037100
0.037200
0.037000
0.037900
0.037800
0.035900
0.035100
0.034500
0.034500
0.035200
0.035000
0.035500
0.035300
0.035600
0.035900
0.035200
0.036000
0.035400
0.035400
0.035500
0.034300
0.034500
0.034400
0.032700
0.032700
0.031900
0.033000
0.033200
0.034100
0.032000
0.033600
0.033000
0.034500
0.034200
0.036200
0.032200
0.031900
0.031400
0.032000
0.033900
0.032000
0.032000
0.030600
0.031400
0.030100
0.030200
0.030200
0.030400
0.030500
0.031000
0.030800
0.031500
0.031200
0.032100
0.031400
0.032500
0.031700
0.032100
0.032100
0.032200
0.031900
0.031900
0.032000
0.032800
0.031100
0.031100
0.031000
0.031000
0.030500
0.030700
0.031200
0.031800
0.031300
0.031800
0.032300
0.030500
0.029200
0.029800
0.030300
0.031100
0.031300
0.031700
0.031400
0.033600
0.031500
0.033000
0.033200
0.035200
0.030800
0.031900
0.031500
0.032200
0.032100
0.032500
0.031600
0.032500
0.031600
0.031400
0.031900
0.032000
0.031800
0.032000
0.032900
0.033200
0.034400
0.033800
0.032700
0.033000
0.033300
0.031800
0.032600
0.031500
0.032000
0.030900
0.030900
0.030300
0.031700
0.030000
0.030100
0.029400
0.029400
0.029300
0.029500
0.029900
0.029900
0.030700
0.030100
0.030900
0.030300
0.030900
0.030900
0.031300
0.031900
0.032700
0.032100
0.031900
0.031900
0.032400
0.031300
0.031300
0.031300
0.031500
0.031200
0.031200
0.032400
0.030700
0.030600
0.030600
0.030700
0.030600
0.031100
0.029800
0.029400
0.029400
0.029400
0.029400
0.029400
0.029400
0.029400
0.029400
0.029400
0.029400
0.029400
0.029400
0.029400
0.029400
0.029400
0.029400
0.029400
0.029400
0.029400
0.029400
0.029400
0.029400
0.029400
0.029400
0.029400
0.029400
0.029400
0.029400
0.029400
0.029400
0.029400
0.029400
0.029400
0.029400
0.029400
0.029400
0.029400
0.029400
0.029400
0.029400
0.029400
0.029400
0.029400
0.029400
0.029400
0.029400
0.029400
0.029400
0.029400
0.029400
0.029400
0.029400
0.029400
0.029400
0.029400
0.029400
0.029400
0.029400
0.029400
0.029400
0.029400
0.029400
0.029400
0.029400
0.029400
0.029400
0.029400
0.029400
0.029400
0.029400
0.029400
0.029400
0.029400
0.029400
0.029400
0.029400
0.029400
0.029400
0.029400
0.029400
0.029400
0.029400
0.029400
0.029400
0.029400
0.029400
0.029400
0.029400
0.029400
0.029400
0.029400
0.029400
0.029400
0.029400
0.029400
0.029400
0.029400
0.029400
0.029400
0.029400
0.029400
0.029400
0.029400
0.029400
0.029400
0.029400
0.029400
0.029400
0.029400
0.029400
0.029400
0.029400
0.029400
0.029400
0.029400
0.029400
0.029400
0.029400
0.029400
0.029400
0.029400
0.029400
0.029400
0.029400
0.029400
0.029400
0.029400
0.029400
0.029400
0.029400
0.029400
0.029400
0.029400
0.029400
0.029400
0.029400
0.029400
0.029400
0.029400
0.029400
0.029400
0.029400
0.029400
0.029400
0.029400
0.029400
0.029400
0.029400
0.029400
0.029400
0.029400
0.029400
0.029400
0.029400
0.029400
0.029400
0.029400
0.029400
0.029400
0.029400
0.029400
0.029400
0.029400
0.029400
0.029400
0.029400
0.029400
0.029400
0.029400
0.029400
0.029400
0.029400
0.029400
0.029400
0.029400
0.029400
0.029400
0.029400
0.029400
0.029400
0.029400
0.029400
0.029400
0.029400
0.029400
0.029400
0.029400
0.029400
0.029400
0.029400
0.029400
0.029400
0.029400
0.029400
0.029400
0.029400
0.029400
0.029400
0.029400
0.029400
0.029400
0.029400
0.029400
0.029400
0.029400
0.029400
0.029400
0.029400
0.029400
0.029400
0.029400
0.029400
0.029400
0.029400
0.029400
0.029400
0.029400
0.029400
0.029400
0.029400
0.029400
0.029400
0.029400
0.029400
0.029400
0.029400
0.029400
0.029400
0.029400
0.029400
0.029400
0.029400
0.029400
0.029400
0.029400
0.029400
0.029400
0.029400
0.029400
0.029400
0.029400
0.029400
0.029400
0.029400
0.029400
0.029400
0.029400
0.029400
0.029400
0.029400
0.029400
0.029400
0.029400
0.029400
0.029400
0.029400
0.029400
0.029400
0.029400
0.029400
0.029400
0.029400
0.029400
0.029400
0.029400
0.029400
0.029400
0.029400
0.029400
0.029400
0.029400
0.029400
0.029400
0.029400
0.029400
0.029400
0.029400
0.029400
0.029400
0.029400
0.029400
0.029400
0.029400
0.029400
0.029400
0.029400
0.029400
0.029400
0.029400
0.029400
0.029400
0.029400
0.029400
0.029400
0.029400
0.029400
0.029400
0.029400
0.029400
0.029400
0.029400
0.029400
0.029400
0.029400
0.029400
0.029400
0.029400
0.029400
0.029400
0.029400
0.029400
0.029400
0.029400
0.029400
0.029400
0.029400
0.029400
0.029400
0.029400
0.029400
0.029400
0.029400
0.029400
0.029400
0.029400
0.029400
0.029400
0.029400
0.029400
0.029400
0.029400
0.029400
0.029400
0.029400
0.029400
0.029400
0.029400
0.029400
0.029400
0.029400
0.029400
0.029400
0.029400
0.029400
0.029400
0.029400
0.029400
0.029400
0.029400
0.029400
0.029400
0.029400
0.029400
0.029400
0.029400
0.029400
0.029400
0.029400
0.029400
0.029400
0.029400
0.029400
0.029400
0.029400
0.029400
0.029400
0.029400
0.029400
0.029400
0.029400
0.029400
0.029400
0.029400
0.029400
0.029400
0.029400
0.029400
0.029400
0.029400
0.029400
0.029400
0.029400
0.029400
0.029400
0.029400
0.029400
0.029400
0.029400
0.029400
0.029400
0.029400
0.029400
0.029400
0.029400
0.029400
0.029400
0.029400
0.029400
0.029400
0.029400
0.029400
0.029400
0.029400
0.029400
0.029400
0.029400
0.029400
0.029400
0.029400
0.029400
0.029400
0.029400
0.029400
0.029400
0.029400
0.029400
0.029400
0.029400
0.029400
0.029400
0.029400
0.029400
0.029400
0.029400
0.029400
0.029400
0.029400
0.029400
0.029400
0.029400
0.029400
0.029400
0.029400
0.029400
0.029400
0.029400
0.029400
0.029400
0.029400
0.029400
0.029400
0.029400
0.029400
0.029400
0.029400
0.029400
0.029400
0.029400
0.029400
0.029400
0.029400
0.029400
0.029400
0.029400
0.029400
0.029400
0.029400
0.029400
0.029400
0.029400
0.029400
0.029400
0.029400
0.029400
0.029400
0.029400
0.029400
0.029400
0.029400
0.029400
0.029400
0.029400
0.029400
0.029400
0.029400
0.029400
0.029400
0.029400
0.029400
0.029400
0.029400
0.029400
0.029400
0.029400
0.029400
0.029400
0.029400
0.029400
0.029400
0.029400
0.029400
0.029400
0.029400
0.029400
0.029400
0.029400
0.029400
0.029400
0.029400
0.029400
0.029400
0.029400
0.029400
0.029400
0.029400
0.029400
0.029400
0.029400
0.029400
0.029400
0.029400
0.029400
0.029400
0.029400
0.029400
0.029400
0.029400
0.029400
0.029400
0.029400
0.029400
0.029400
0.029400
0.029400
0.029400
0.029400
0.029400
0.029400
0.029400
0.029400
0.029400
0.029400
0.029400
0.029400
0.029400
0.029400
0.029400
0.029400
0.029400
0.029400
0.029400
0.029400
0.029400
0.029400
0.029400
0.029400
0.029400
0.029400
0.029400
0.029400
0.029400
0.029400
0.029400
0.029400
0.029400
0.029400
0.029400
0.029400
0.029400
0.029400
0.029400
0.029400
0.029400
0.029400
0.029400
0.029400
0.029400
0.029400
0.029400
0.029400
0.029400
0.029400
0.029400
0.029400
0.029400
0.029400
0.029400
0.029400
0.029400
0.029400
0.029400
0.029400
0.029400
0.029400
0.029400
0.029400
0.029400
0.029400
0.029400
0.029400
0.029400
0.029400
0.029400
0.029400
0.029400
0.029400
0.029400
0.029400
0.029400
0.029400
0.029400
0.029400
0.029400
0.029400
0.029400
0.029400
0.029400
0.029400
0.029400
0.029400
0.029400
0.029400
0.029400
0.029400
0.029400
0.029400
0.029400
0.029400
0.029400
0.029400
0.029400
0.029400
0.029400
0.029400
0.029400
0.029400
0.029400
0.029400
0.029400
0.029400
0.029400
0.029400
0.029400
0.029400
0.029400
0.029400
0.029400
0.029400
0.029400
0.029400
0.029400
0.029400
0.029400
0.029400
0.029400
0.029400
0.029400
0.029400
0.029400
0.029400
0.029400
0.029400
0.029400
0.029400
0.029400
0.029400
0.029400
0.029400
0.029400
0.029400
0.029400
0.029400
0.029400
0.029400
0.029400
0.029400
0.029400
0.029400
0.029400
0.029400
0.029400
0.029400
0.029400
0.029400
0.029400
0.029400
0.029400
0.029400
0.029400
0.029400
0.029400
0.029400
0.029400
0.029400
0.029400
0.029400
0.029400
0.029400
0.029400
0.029400
0.029400
0.029400
0.029400
0.029400
0.029400
0.029400
0.029400
0.029400
0.029400
0.029400
0.029400
0.029400
0.029400
0.029400
0.029400
0.029400
0.029400
0.029400
0.029400
0.029400
0.029400
0.029400
0.029400
0.029400
0.029400
0.029400
0.029400
0.029400
0.029400
0.029400
0.029400
0.029400
0.029400
0.029400
0.029400
0.029400
0.029400
0.029400
0.029400
0.029400
0.029400
0.029400
0.029400
0.029400
0.029400
0.029400
0.029400
0.029400
0.029400
0.029400
0.029400
0.029400
0.029400
0.029400
0.029400
0.029400
0.029400
0.029400
0.029400
0.029400
0.029400
0.029400
0.029400
0.029400
0.029400
0.029400
0.029400
0.029400
0.029400
0.029400
0.029400
0.029400
0.029400
0.029400
0.029400
0.029400
0.029400
0.029400
0.029400
0.029400
0.029400
0.029400
0.029400
0.029400
0.029400
0.029400
0.029400
0.029400
0.029400
0.029400
0.029400
0.029400
0.029400
0.029400
0.029400
0.029400
0.029400
0.029400
0.029400
0.029400
0.029400
0.029400
0.029400
0.029400
0.029400
0.029400
0.029400
0.029400
0.029400
0.029400
0.029400
0.029400
0.029400
0.029400
0.029400
0.029400
0.029400
0.029400
0.029400
0.029400
0.029400
0.029400
0.029400
0.029400
0.029400
0.029400
0.029400
0.029400
0.029400
0.029400
0.029400
0.029400
0.029400
0.029400
0.029400
0.029400
0.029400
0.029400
0.029400
0.029400
0.029400
0.029400
0.029400
0.029400
0.029400
0.029400
0.029400
0.029400
0.029400
0.029400
0.029400
0.029400
0.029400
0.029400
0.029400
0.029400
0.029400
0.029400
0.029400
0.029400
0.029400
0.029400
0.029400
0.029400
0.029400
0.029400
0.029400
0.029400
0.029400
0.029400
0.029400
0.029400
0.029400
0.029400
0.029400
0.029400
0.029400
0.029400
0.029400
0.029400
0.029400
0.029400
0.029400
0.029400
0.029400
0.029400
0.029400
0.029400
0.029400
0.029400
0.029400
0.029400
0.029400
0.029400
0.029400
0.029400
0.029400
0.029400
0.029400
0.029400
0.029400
0.029400
0.029400
0.029400
0.029400
0.029400
0.029400
0.029400
0.029400
0.029400
0.029400
0.029400
0.029400
0.029400
0.029400
0.029400
0.029400
0.029400
0.029400
0.029400
0.029400
0.029400
0.029400
0.029400
0.029400
0.029400
0.029400
0.029400
0.029400
0.029400
0.029400
0.029400
0.029400
0.029400
0.029400
0.029400
0.029400
0.029400
0.029400
0.029400
0.029400
0.029400
0.029400
0.029400
0.029400
0.029400
0.029400
0.029400
0.029400
0.029400
0.029400
0.029400
0.029400
0.029400
0.029400
0.029400
0.029400
0.029400
0.029400
0.029400
0.029400
0.029400
0.029400
0.029400
0.029400
0.029400
0.029400
0.029400
0.029400
0.029400
0.029400
0.029400
0.029400
0.029400
0.029400
0.029400
0.029400
0.029400
0.029400
0.029400
0.029400
0.029400
0.029400
0.029400
0.029400
0.029400
0.029400
0.029400
0.029400
0.029400
0.029400
0.029400
0.029400
0.029400
0.029400
0.029400
0.029400
0.029400
0.029400
0.029400
0.029400
0.029400
0.029400
0.029400
0.029400
0.029400
0.029400
0.029400
0.029400
0.029400
0.029400
0.029400
0.029400
0.029400
0.029400
0.029400
0.029400
0.029400
0.029400
0.029400
0.029400
0.029400
0.029400
0.029400
0.029400
0.029400
0.029400
0.029400
0.029400
0.029400
0.029400
0.029400
0.029400
0.029400
0.029400
0.029400
0.029400
0.029400
0.029400
0.029400
0.029400
0.029400
0.029400
0.029400
0.029400
0.029400
0.029400
0.029400
0.029400
0.029400
0.029400
0.029400
0.029400
0.029400
0.029400
0.029400
0.029400
0.029400
0.029400
0.029400
0.029400
0.029400
0.029400
0.029400
0.029400
0.029400
0.029400
0.029400
0.029400
0.029400
0.029400
0.029400
0.029400
0.029400
0.029400
0.029400
0.029400
0.029400
0.029400
0.029400
0.029400
0.029400
0.029400
0.029400
0.029400
0.029400
0.029400
0.029400
0.029400
0.029400
0.029400
0.029400
0.029400
0.029400
0.029400
0.029400
0.029400
0.029400
0.029400
0.029400
0.029400
0.029400
0.029400
0.029400
0.029400
0.029400
0.029400
0.029400
0.029400
0.029400
0.029400
0.029400
0.029400
0.029400
0.029400
0.029400
0.029400
0.029400
0.029400
0.029400
0.029400
0.029400
0.029400
0.029400
0.029400
0.029400
0.029400
0.029400
0.029400
0.029400
0.029400
0.029400
0.029400
0.029400
0.029400
0.029400
0.029400
0.029400
0.029400
0.029400
0.029400
0.029400
0.029400
0.029400
0.029400
0.029400
0.029400
0.029400
0.029400
0.029400
0.029400
0.029400
0.029400
0.029400
0.029400
0.029400
0.029400
0.029400
0.029400
0.029400
0.029400
0.029400
0.029400
0.029400
0.029400
0.029400
0.029400
0.029400
0.029400
0.029400
0.029400
0.029400
0.029400
0.029400
0.029400
0.029400
0.029400
0.029400
0.029400
0.029400
0.029400
0.029400
0.029400
0.029400
0.029400
0.029400
0.029400
0.029400
0.029400
0.029400
0.029400
0.029400
0.029400
0.029400
0.029400
0.029400
0.029400
0.029400
0.029400
0.029400
0.029400
0.029400
0.029400
0.029400
0.029400
0.029400
0.029400
0.029400
0.029400
0.029400
0.029400
0.029400
0.029400
0.029400
0.029400
0.029400
0.029400
0.029400
0.029400
0.029400
0.029400
0.029400
0.029400
0.029400
0.029400
0.029400
0.029400
0.029400
0.029400
0.029400
0.029400
0.029400
0.029400
0.029400
0.029400
0.029400
0.029400
0.029400
0.029400
0.029400
0.029400
0.029400
0.029400
0.029400
0.029400
0.029400
0.029400
0.029400
0.029400
0.029400
0.029400
0.029400
0.029400
0.029400
0.029400
0.029400
0.029400
0.029400
0.029400
0.029400
0.029400
0.029400
0.029400
0.029400
0.029400
0.029400
0.029400
0.029400
0.029400
0.029400
0.029400
0.029400
0.029400
0.029400
0.029400
0.029400
0.029400
0.029400
0.029400
0.029400
0.029400
0.029400
0.029400
0.029400
0.029400
0.029400
0.029400
0.029400
0.029400
0.029400
0.029400
0.029400
0.029400
0.029400
0.029400
0.029400
0.029400
0.029400
0.029400
0.029400
0.029400
0.029400
0.029400
0.029400
0.029400
0.029400
0.029400
0.029400
0.029400
0.029400
0.029400
0.029400
0.029400
0.029400
0.029400
0.029400
0.029400
0.029400
0.029400
0.029400
0.029400
0.029400
0.029400
0.029400
0.029400
0.029400
0.029400
0.029400
0.029400
0.029400
0.029400
0.029400
0.029400
0.029400
0.029400
0.029400
0.029400
0.029400
0.029400
0.029400
0.029400
0.029400
0.029400
0.029400
0.029400
0.029400
0.029400
0.029400
0.029400
0.029400
0.029400
0.029400
0.029400
0.029400
0.029400
0.029400
0.029400
0.029400
0.029400
0.029400
0.029400
0.029400
0.029400
0.029400
0.029400
0.029400
0.029400
0.029400
0.029400
0.029400
0.029400
0.029400
0.029400
0.029400
0.029400
0.029400
0.029400
0.029400
0.029400
0.029400
0.029400
0.029400
0.029400
0.029400
0.029400
0.029400
0.029400
0.029400
0.029400
0.029400
0.029400
0.029400
0.029400
0.029400
0.029400
0.029400
0.029400
0.029400
0.029400
0.029400
0.029400
0.029400
0.029400
0.029400
0.029400
0.029400
0.029400
0.029400
0.029400
0.029400
0.029400
0.029400
0.029400
0.029400
0.029400
0.029400
0.029400
0.029400
0.029400
0.029400
0.029400
0.029400
0.029400
0.029400
0.029400
0.029400
0.029400
0.029400
0.029400
0.029400
0.029400
0.029400
0.029400
0.029400
0.029400
0.029400
0.029400
0.029400
0.029400
0.029400
0.029400
0.029400
0.029400
0.029400
0.029400
0.029400
0.029400
0.029400
0.029400
0.029400
0.029400
0.029400
0.029400
0.029400
0.029400
0.029400
0.029400
0.029400
0.029400
0.029400
0.029400
0.029400
0.029400
0.029400
0.029400
0.029400
0.029400
0.029400
0.029400
0.029400
0.029400
0.029400
0.029400
0.029400
0.029400
0.029400
0.029400
0.029400
0.029400
0.029400
0.029400
0.029400
0.029400
0.029400
0.029400
0.029400
0.029400
0.029400
0.029400
0.029400
0.029400
0.029400
0.029400
0.029400
0.029400
0.029400
0.029400
0.029400
0.029400
0.029400
0.029400
0.029400
0.029400
0.029400
0.029400
0.029400
0.029400
0.029400
0.029400
0.029400
0.029400
0.029400
0.029400
0.029400
0.029400
0.029400
0.029400
0.029400
0.029400
0.029400
0.029400
0.029400
0.029400
0.029400
0.029400
0.029400
0.029400
0.029400
0.029400
0.029400
0.029400
0.029400
0.029400
0.029400
0.029400
0.029400
0.029400
0.029400
0.029400
0.029400
0.029400
0.029400
0.029400
0.029400
0.029400
0.029400
0.029400
0.029400
0.029400
0.029400
0.029400
0.029400
0.029400
0.029400
0.029400
0.029400
0.029400
0.029400
0.029400
0.029400
0.029400
0.029400
0.029400
0.029400
0.029400
0.029400
0.029400
0.029400
0.029400
0.029400
0.029400
0.029400
0.029400
0.029400
0.029400
0.029400
0.029400
0.029400
0.029400
0.029400
0.029400
0.029400
0.029400
0.029400
0.029400
0.029400
0.029400
0.029400
0.029400
0.029400
0.029400
0.029400
0.029400
0.029400
0.029400
0.029400
0.029400
0.029400
0.029400
0.029400
0.029400
0.029400
0.029400
0.029400
0.029400
0.029400
0.029400
0.029400
0.029400
0.029400
0.029400
0.029400
0.029400
0.029400
0.029400
0.029400
0.029400
0.029400
0.029400
0.029400
0.029400
0.029400
0.029400
0.029400
0.029400
0.029400
0.029400
0.029400
0.029400
0.029400
0.029400
0.029400
0.029400
0.029400
0.029400
0.029400
0.029400
0.029400
0.029400
0.029400
0.029400
0.029400
0.029400
0.029400
0.029400
0.029400
0.029400
0.029400
0.029400
0.029400
0.029400
0.029400
0.029400
0.029400
0.029400
0.029400
0.029400
0.029400
0.029400
0.029400
0.029400
0.029400
0.029400
0.029400
0.029400
0.029400
0.029400
0.029400
0.029400
0.029400
0.029400
0.029400
0.029400
0.029400
0.029400
0.029400
0.029400
0.029400
0.029400
0.029400
0.029400
0.029400
0.029400
0.029400
0.029400
0.029400
0.029400
0.029400
0.029400
0.029400
0.029400
0.029400
0.029400
0.029400
0.029400
0.029400
0.029400
0.029400
0.029400
0.029400
0.029400
0.029400
0.029400
0.029400
0.029400
0.029400
0.029400
0.029400
0.029400
0.029400
0.029400
0.029400
0.029400
0.029400
0.029400
0.029400
0.029400
0.029400
0.029400
0.029400
0.029400
0.029400
0.029400
0.029400
0.029400
0.029400
0.029400
0.029400
0.029400
0.029400
0.029400
0.029400
0.029400
0.029400
0.029400
0.029400
0.029400
0.029400
0.029400
0.029400
0.029400
0.029400
0.029400
0.029400
0.029400
0.029400
0.029400
0.029400
0.029400
0.029400
0.029400
0.029400
0.029400
0.029400
0.029400
0.029400
0.029400
0.029400
0.029400
0.029400
0.029400
0.029400
0.029400
0.029400
0.029400
0.029400
0.029400
0.029400
0.029400
0.029400
0.029400
0.029400
0.029400
0.029400
0.029400
0.029400
0.029400
0.029400
0.029400
0.029400
0.029400
0.029400
0.029400
0.029400
0.029400
0.029400
0.029400
0.029400
0.029400
0.029400
0.029400
0.029400
0.029400
0.029400
0.029400
0.029400
0.029400
0.029400
0.029400
0.029400
0.029400
0.029400
0.029400
0.029400
0.029400
0.029400
0.029400
0.029400
0.029400
0.029400
0.029400
0.029400
0.029400
0.029400
0.029400
0.029400
0.029400
0.029400
0.029400
0.029400
0.029400
0.029400
0.029400
0.029400
0.029400
0.029400
0.029400
0.029400
0.029400
0.029400
0.029400
0.029400
0.029400
0.029400
0.029400
0.029400
0.029400
0.029400
0.029400
0.029400
0.029400
0.029400
0.029400
0.029400
0.029400
0.029400
0.029400
0.029400
0.029400
0.029400
0.029400
0.029400
0.029400
0.029400
0.029400
0.029400
0.029400
0.029400
0.029400
0.029400
0.029400
0.029400
0.029400
0.029400
0.029400
0.029400
0.029400
0.029400
0.029400
0.029400
0.029400
0.029400
0.029400
0.029400
0.029400
0.029400
0.029400
0.029400
0.029400
0.029400
0.029400
0.029400
0.029400
0.029400
0.029400
0.029400
0.029400
0.029400
0.029400
0.029400
0.029400
0.029400
0.029400
0.029400
0.029400
0.029400
0.029400
0.029400
0.029400
0.029400
0.029400
0.029400
0.029400
0.029400
0.029400
0.029400
0.029400
0.029400
0.029400
0.029400
0.029400
0.029400
0.029400
0.029400
0.029400
0.029400
0.029400
0.029400
0.029400
0.029400
0.029400
0.029400
0.029400
0.029400
0.029400
0.029400
0.029400
0.029400
0.029400
0.029400
0.029400
0.029400
0.029400
0.029400
