0.039167
0.045000
0.039167
0.032500
0.020833
0.022500
0.019167
0.020000
0.023333
0.025833
0.027500
0.023333
0.027500
0.028333
0.025833
0.030000
0.024167
0.030833
0.025000
0.024167
0.026667
0.024167
0.028333
0.025833
0.023333
0.023333
0.025833
0.025000
0.030833
0.025000
0.025000
0.024167
0.026667
0.029167
0.031667
0.031667
0.035000
0.036667
0.045000
0.036667
0.042500
0.038333
0.046667
0.040833
0.054167
0.050000
0.059167
0.048333
0.048333
0.050000
0.050000
0.054167
0.054167
0.055000
0.058333
0.062500
0.057500
0.059167
0.055000
0.051667
0.048333
0.048333
0.042500
0.036667
0.038333
0.040000
0.038333
0.041667
0.040833
0.047500
0.055000
0.054167
0.069167
0.066667
0.055833
0.068333
0.065000
0.078333
0.070833
0.080000
0.070000
0.078333
0.076667
0.068333
0.070000
0.059167
0.075833
0.069167
0.080000
0.079167
0.100000
0.101667
0.107500
0.102500
0.106667
0.104167
0.115833
0.083333
0.097500
0.092500
0.097500
0.108333
0.095833
0.107500
0.092500
0.088333
0.100000
0.104167
0.088333
0.103333
0.104167
0.103333
0.109167
0.103333
0.115000
0.110833
0.094167
0.095000
0.093333
0.075833
0.085000
0.086667
0.092500
0.094167
0.104167
0.102500
0.109167
0.100000
0.110833
0.116667
0.126667
0.141667
0.132500
0.133333
0.131667
0.149167
0.145000
0.151667
0.144167
0.138333
0.134167
0.138333
0.130833
0.121667
0.124167
0.104167
0.103333
0.091667
0.097500
0.096667
0.105833
0.095000
0.092500
0.089167
0.088333
0.087500
0.080833
0.066667
0.070833
0.066667
0.067500
0.069167
0.065833
0.060000
0.064167
0.057500
0.057500
0.060000
0.058333
0.056667
0.055833
0.054167
0.054167
0.054167
0.054167
0.054167
0.054167
0.054167
0.054167
0.054167
0.054167
0.054167
0.054167
0.054167
0.054167
0.054167
0.054167
0.054167
0.054167
0.054167
0.054167
0.054167
0.054167
0.054167
0.054167
0.054167
0.054167
0.054167
0.054167
0.054167
0.054167
0.054167
0.054167
0.054167
0.054167
0.054167
0.054167
0.054167
0.054167
0.054167
0.054167
0.054167
0.054167
0.054167
0.054167
0.054167
0.054167
0.054167
0.054167
0.054167
0.054167
0.054167
0.054167
0.054167
0.054167
0.054167
0.054167
0.054167
0.054167
0.054167
0.054167
0.054167
0.054167
0.054167
0.054167
0.054167
0.054167
0.054167
0.054167
0.054167
0.054167
0.054167
0.054167
0.054167
0.054167
0.054167
0.054167
0.054167
0.054167
0.054167
0.054167
0.054167
0.054167
0.054167
0.054167
0.054167
0.054167
0.054167
0.054167
0.054167
0.054167
0.054167
0.054167
0.054167
0.054167
0.054167
0.054167
0.054167
0.054167
0.054167
0.054167
0.054167
0.054167
0.054167
0.054167
0.054167
0.054167
0.054167
0.054167
0.054167
0.054167
0.054167
0.054167
0.054167
0.054167
0.054167
0.054167
0.054167
0.054167
0.054167
0.054167
0.054167
0.054167
0.054167
0.054167
0.054167
0.054167
0.054167
0.054167
0.054167
0.054167
0.054167
0.054167
0.054167
0.054167
0.054167
0.054167
0.054167
0.054167
0.054167
0.054167
0.054167
0.054167
0.054167
0.054167
0.054167
0.054167
0.054167
0.054167
0.054167
0.054167
0.054167
0.054167
0.054167
0.054167
0.054167
0.054167
0.054167
0.054167
0.054167
0.054167
0.054167
0.054167
0.054167
0.054167
0.054167
0.054167
0.054167
0.054167
0.054167
0.054167
0.054167
0.054167
0.054167
0.054167
0.054167
0.054167
0.054167
0.054167
0.054167
0.054167
0.054167
0.054167
0.054167
0.054167
0.054167
0.054167
0.054167
0.054167
0.054167
0.054167
0.054167
0.054167
0.054167
0.054167
0.054167
0.054167
0.054167
0.054167
0.054167
0.054167
0.054167
0.054167
0.054167
0.054167
0.054167
0.054167
0.054167
0.054167
0.054167
0.054167
0.054167
0.054167
0.054167
0.054167
0.054167
0.054167
0.054167
0.054167
0.054167
0.054167
0.054167
0.054167
0.054167
0.054167
0.054167
0.054167
0.054167
0.054167
0.054167
0.054167
0.054167
0.054167
0.054167
0.054167
0.054167
0.054167
0.054167
0.054167
0.054167
0.054167
0.054167
0.054167
0.054167
0.054167
0.054167
0.054167
0.054167
0.054167
0.054167
0.054167
0.054167
0.054167
0.054167
0.054167
0.054167
0.054167
0.054167
0.054167
0.054167
0.054167
0.054167
0.054167
0.054167
0.054167
0.054167
0.054167
0.054167
0.054167
0.054167
0.054167
0.054167
0.054167
0.054167
0.054167
0.054167
0.054167
0.054167
0.054167
0.054167
0.054167
0.054167
0.054167
0.054167
0.054167
0.054167
0.054167
0.054167
0.054167
0.054167
0.054167
0.054167
0.054167
0.054167
0.054167
0.054167
0.054167
0.054167
0.054167
0.054167
0.054167
0.054167
0.054167
0.054167
0.054167
0.054167
0.054167
0.054167
0.054167
0.054167
0.054167
0.054167
0.054167
0.054167
0.054167
0.054167
0.054167
0.054167
0.054167
0.054167
0.054167
0.054167
0.054167
0.054167
0.054167
0.054167
0.054167
0.054167
0.054167
0.054167
0.054167
0.054167
0.054167
0.054167
0.054167
0.054167
0.054167
0.054167
0.054167
0.054167
0.054167
0.054167
0.054167
0.054167
0.054167
0.054167
0.054167
0.054167
0.054167
0.054167
0.054167
0.054167
0.054167
0.054167
0.054167
0.054167
0.054167
0.054167
0.054167
0.054167
0.054167
0.054167
0.054167
0.054167
0.054167
0.054167
0.054167
0.054167
0.054167
0.054167
0.054167
0.054167
0.054167
0.054167
0.054167
0.054167
0.054167
0.054167
0.054167
0.054167
0.054167
0.054167
0.054167
0.054167
0.054167
0.054167
0.054167
0.054167
0.054167
0.054167
0.054167
0.054167
0.054167
0.054167
0.054167
0.054167
0.054167
0.054167
0.054167
0.054167
0.054167
0.054167
0.054167
0.054167
0.054167
0.054167
0.054167
0.054167
0.054167
0.054167
0.054167
0.054167
0.054167
0.054167
0.054167
0.054167
0.054167
0.054167
0.054167
0.054167
0.054167
0.054167
0.054167
0.054167
0.054167
0.054167
0.054167
0.054167
0.054167
0.054167
0.054167
0.054167
0.054167
0.054167
0.054167
0.054167
0.054167
0.054167
0.054167
0.054167
0.054167
0.054167
0.054167
0.054167
0.054167
0.054167
0.054167
0.054167
0.054167
0.054167
0.054167
0.054167
0.054167
0.054167
0.054167
0.054167
0.054167
0.054167
0.054167
0.054167
0.054167
0.054167
0.054167
0.054167
0.054167
0.054167
0.054167
0.054167
0.054167
0.054167
0.054167
0.054167
0.054167
0.054167
0.054167
0.054167
0.054167
0.054167
0.054167
0.054167
0.054167
0.054167
0.054167
0.054167
0.054167
0.054167
0.054167
0.054167
0.054167
0.054167
0.054167
0.054167
0.054167
0.054167
0.054167
0.054167
0.054167
0.054167
0.054167
0.054167
0.054167
0.054167
0.054167
0.054167
0.054167
0.054167
0.054167
0.054167
0.054167
0.054167
0.054167
0.054167
0.054167
0.054167
0.054167
0.054167
0.054167
0.054167
0.054167
0.054167
0.054167
0.054167
0.054167
0.054167
0.054167
0.054167
0.054167
0.054167
0.054167
0.054167
0.054167
0.054167
0.054167
0.054167
0.054167
0.054167
0.054167
0.054167
0.054167
0.054167
0.054167
0.054167
0.054167
0.054167
0.054167
0.054167
0.054167
0.054167
0.054167
0.054167
0.054167
0.054167
0.054167
0.054167
0.054167
0.054167
0.054167
0.054167
0.054167
0.054167
0.054167
0.054167
0.054167
0.054167
0.054167
0.054167
0.054167
0.054167
0.054167
0.054167
0.054167
0.054167
0.054167
0.054167
0.054167
0.054167
0.054167
0.054167
0.054167
0.054167
0.054167
0.054167
0.054167
0.054167
0.054167
0.054167
0.054167
0.054167
0.054167
0.054167
0.054167
0.054167
0.054167
0.054167
0.054167
0.054167
0.054167
0.054167
0.054167
0.054167
0.054167
0.054167
0.054167
0.054167
0.054167
0.054167
0.054167
0.054167
0.054167
0.054167
0.054167
0.054167
0.054167
0.054167
0.054167
0.054167
0.054167
0.054167
0.054167
0.054167
0.054167
0.054167
0.054167
0.054167
0.054167
0.054167
0.054167
0.054167
0.054167
0.054167
0.054167
0.054167
0.054167
0.054167
0.054167
0.054167
0.054167
0.054167
0.054167
0.054167
0.054167
0.054167
0.054167
0.054167
0.054167
0.054167
0.054167
0.054167
0.054167
0.054167
0.054167
0.054167
0.054167
0.054167
0.054167
0.054167
0.054167
0.054167
0.054167
0.054167
0.054167
0.054167
0.054167
0.054167
0.054167
0.054167
0.054167
0.054167
0.054167
0.054167
0.054167
0.054167
0.054167
0.054167
0.054167
0.054167
0.054167
0.054167
0.054167
0.054167
0.054167
0.054167
0.054167
0.054167
0.054167
0.054167
0.054167
0.054167
0.054167
0.054167
0.054167
0.054167
0.054167
0.054167
0.054167
0.054167
0.054167
0.054167
0.054167
0.054167
0.054167
0.054167
0.054167
0.054167
0.054167
0.054167
0.054167
0.054167
0.054167
0.054167
0.054167
0.054167
0.054167
0.054167
0.054167
0.054167
0.054167
0.054167
0.054167
0.054167
0.054167
0.054167
0.054167
0.054167
0.054167
0.054167
0.054167
0.054167
0.054167
0.054167
0.054167
0.054167
0.054167
0.054167
0.054167
0.054167
0.054167
0.054167
0.054167
0.054167
0.054167
0.054167
0.054167
0.054167
0.054167
0.054167
0.054167
0.054167
0.054167
0.054167
0.054167
0.054167
0.054167
0.054167
0.054167
0.054167
0.054167
0.054167
0.054167
0.054167
0.054167
0.054167
0.054167
0.054167
0.054167
0.054167
0.054167
0.054167
0.054167
0.054167
0.054167
0.054167
0.054167
0.054167
0.054167
0.054167
0.054167
0.054167
0.054167
0.054167
0.054167
0.054167
0.054167
0.054167
0.054167
0.054167
0.054167
0.054167
0.054167
0.054167
0.054167
0.054167
0.054167
0.054167
0.054167
0.054167
0.054167
0.054167
0.054167
0.054167
0.054167
0.054167
0.054167
0.054167
0.054167
0.054167
0.054167
0.054167
0.054167
0.054167
0.054167
0.054167
0.054167
0.054167
0.054167
0.054167
0.054167
0.054167
0.054167
0.054167
0.054167
0.054167
0.054167
0.054167
0.054167
0.054167
0.054167
0.054167
0.054167
0.054167
